
X1 = 1.5542476415070754, X2 = -0.8042476415070754
X1 = 1.5542476415070754, X2 = -0.8042476415070754